 04| 00|
 04| 00|                     
 04| 00|
 04| 2F| 05| 37| 94|
 04| 2F| 05| 37| 94|
 04| 2F| 05| 37| 94|
 04| 2F| 05| 37| 94|
 04| 2F| 05| 37| 94|
 04| 2F| 05| 37| 94|
 04| 2F| 05| 37| 94|
 04| 2F| 05| 37| 94|         
 04| 2F| 05| 37| 94|
 04| 2F| 05| 37| 94|
 04| 2F| 05| 37| 94|
 04| 2F| 05| 37| 94|
 04| 2F| 05| 37| 94|
 04| 74| 08| FF| F1| FF| CC| 61|
 04| 74| 08| FF| F1| FF| CC| 61|  
 04| 74| 08| FF| F1| FF| CC| 61|
 04| 74| 08| FF| F1| FF| CC| 61|
 04| 74| 08| FF| F1| FF| CC| 61|
 04| 74| 08| FF| F1| FF| CC| 61|
 04| 74| 08| FF| F1| FF| CC| 61|
 04| 74| 08| FF| F1| FF| CC| 61|
 04| 74| 08| FF| F1| FF| CC| 61|  
 04| 74| 08| FF| F1| FF| CC| 61|   
 04| 74| 08| FF| F1| FF| CC| 61|
 04| 74| 08| FF| F1| FF| CC| 61|
 04| 74| 08| FF| F1| FF| CC| 61|
 04| 74| 08| FF| F1| FF| CC| 61|
 04| 74| 08| FF| F1| FF| CC| 61|   
 04| 74| 08| FF| F1| FF| CC| 61|
 04| 00|
 04| 00|
 04| B0| 05| A2| 0E|
 04| 00|
 04| 00|
 04| 00|
 04| F1| 05| 1C| 51|
 04| 62| 0B| 00| 00| 00| 00| 34| 12| 58| 73|
 04| 00|
 04| 00|
 04| 00|
 04| 00|
 04| 00|
 04| 00|
 04| 00|
 04| 00|
 04| 00|
 04| 00|
 04| 00|
 04| 00|
 04| 00|
 04| 00|
 04| 00|
 04| 00|
 04| 00|
 04| 00|
 04| 00|
 04| 00|
 04| 00|
 04| 00|
 04| 00|
 04| 00|
 04| 00|
 04| 00|
 04| 00|
 04| 00|
 04| 00|
 04| 00|
 04| 00|
 04| 00|
 04| 00|
 04| 00|
 04| 00|
 04| 00|
 04| 00|
 04| 00|
 04| 00|
 04| 00|
 04| 00|
 04| 00|
 04| 00|
 04| 00|
 04| 01| 05| 14| 2D|    
 04| 00|
 04| 82| 05| B0| 8B|
 04| 00|
 04| 00|
 04| F0| 05| C4| 48|
 04| 00|
 04| 00|     
 04| 00|
 04| 00|
 04| 00|
 04| 00|
 04| 00|    
 04| 00|
 04| 00|
 04| 00|
 04| 00|
 04| 00|   
 04| 00|
 04| 00|
 04| 00|
 04| 00|
